3,1
4,2
5,3
6,4
7,5
28,6
29,7
30,8
31,9
32,10
53,11
54,12
55,13
56,14
57,15
78,16
79,17
80,18
81,19
82,20
103,21
104,22
105,23
106,24
107,25
128,26
129,27
130,28
131,29
132,30
153,31
154,32
155,33
156,34
157,35
178,36
179,37
180,38
181,39
182,40
203,41
204,42
205,43
206,44
207,45
228,46
229,47
230,48
231,49
232,50
253,51
254,52
255,53
256,54
257,55
278,56
279,57
280,58
281,59
282,60
303,61
304,62
305,63
306,64
307,65
328,66
329,67
330,68
331,69
332,70
353,71
354,72
355,73
356,74
357,75
378,76
379,77
380,78
381,79
382,80
403,81
404,82
405,83
406,84
407,85
428,86
429,87
430,88
431,89
432,90
453,91
454,92
455,93
456,94
457,95
478,96
479,97
480,98
481,99
482,100
503,101
504,102
505,103
506,104
507,105
528,106
529,107
530,108
531,109
532,110
553,111
554,112
555,113
556,114
557,115
578,116
579,117
580,118
581,119
582,120
603,121
604,122
605,123
606,124
607,125
628,126
629,127
630,128
631,129
632,130
653,131
654,132
655,133
656,134
657,135
678,136
679,137
680,138
681,139
682,140
703,141
704,142
705,143
706,144
707,145
728,146
729,147
730,148
731,149
732,150
753,151
754,152
755,153
756,154
757,155
778,156
779,157
780,158
781,159
782,160
803,161
804,162
805,163
806,164
807,165
828,166
829,167
830,168
831,169
832,170
853,171
854,172
855,173
856,174
857,175
878,176
879,177
880,178
881,179
882,180
903,181
904,182
905,183
906,184
907,185
928,186
929,187
930,188
931,189
932,190
953,191
954,192
955,193
956,194
957,195
978,196
979,197
980,198
981,199
982,200
1003,201
1004,202
1005,203
1006,204
1007,205
1028,206
1029,207
1030,208
1031,209
1032,210
1053,211
1054,212
1055,213
1056,214
1057,215
1078,216
1079,217
1080,218
1081,219
1082,220
1103,221
1104,222
1105,223
1106,224
1107,225
1128,226
1129,227
1130,228
1131,229
1132,230
1153,231
1154,232
1155,233
1156,234
1157,235
1178,236
1179,237
1180,238
1181,239
1182,240
1203,241
1204,242
1205,243
1206,244
1207,245
1228,246
1229,247
1230,248
1231,249
1232,250
1253,251
1254,252
1255,253
1256,254
1257,255
1278,256
1279,257
1280,258
1281,259
1282,260
1303,261
1304,262
1305,263
1306,264
1307,265
1328,266
1329,267
1330,268
1331,269
1332,270
1353,271
1354,272
1355,273
1356,274
1357,275
1378,276
1379,277
1380,278
1381,279
1382,280
1403,281
1404,282
1405,283
1406,284
1407,285
1428,286
1429,287
1430,288
1431,289
1432,290
1453,291
1454,292
1455,293
1456,294
1457,295
1478,296
1479,297
1480,298
1481,299
1482,300
1503,301
1504,302
1505,303
1506,304
1507,305
1528,306
1529,307
1530,308
1531,309
1532,310
1553,311
1554,312
1555,313
1556,314
1557,315
1578,316
1579,317
1580,318
1581,319
1582,320
1603,321
1604,322
1605,323
1606,324
1607,325
1628,326
1629,327
1630,328
1631,329
1632,330
1653,331
1654,332
1655,333
1656,334
1657,335
1678,336
1679,337
1680,338
1681,339
1682,340
1703,341
1704,342
1705,343
1706,344
1707,345
1728,346
1729,347
1730,348
1731,349
1732,350
1753,351
1754,352
1755,353
1756,354
1757,355
1778,356
1779,357
1780,358
1781,359
1782,360
1803,361
1804,362
1805,363
1806,364
1807,365
1828,366
1829,367
1830,368
1831,369
1832,370
1853,371
1854,372
1855,373
1856,374
1857,375
1878,376
1879,377
1880,378
1881,379
1882,380
1903,381
1904,382
1905,383
1906,384
1907,385
1928,386
1929,387
1930,388
1931,389
1932,390
1953,391
1954,392
1955,393
1956,394
1957,395
1978,396
1979,397
1980,398
1981,399
1982,400
2003,401
2004,402
2005,403
2006,404
2007,405
2028,406
2029,407
2030,408
2031,409
2032,410
2053,411
2054,412
2055,413
2056,414
2057,415
2078,416
2079,417
2080,418
2081,419
2082,420
2103,421
2104,422
2105,423
2106,424
2107,425
2128,426
2129,427
2130,428
2131,429
2132,430
2153,431
2154,432
2155,433
2156,434
2157,435
2178,436
2179,437
2180,438
2181,439
2182,440
2203,441
2204,442
2205,443
2206,444
2207,445
2228,446
2229,447
2230,448
2231,449
2232,450
2253,451
2254,452
2255,453
2256,454
2257,455
2278,456
2279,457
2280,458
2281,459
2282,460
2303,461
2304,462
2305,463
2306,464
2307,465
2328,466
2329,467
2330,468
2331,469
2332,470
2353,471
2354,472
2355,473
2356,474
2357,475
2378,476
2379,477
2380,478
2381,479
2382,480
2403,481
2404,482
2405,483
2406,484
2407,485
2428,486
2429,487
2430,488
2431,489
2432,490
2453,491
2454,492
2455,493
2456,494
2457,495
2478,496
2479,497
2480,498
2481,499
2482,500
11,1
14,2
17,3
20,4
23,5
36,6
39,7
42,8
45,9
48,10
61,11
64,12
67,13
70,14
73,15
86,16
89,17
92,18
95,19
98,20
111,21
114,22
117,23
120,24
123,25
136,26
139,27
142,28
145,29
148,30
161,31
164,32
167,33
170,34
173,35
186,36
189,37
192,38
195,39
198,40
211,41
214,42
217,43
220,44
223,45
236,46
239,47
242,48
245,49
248,50
261,51
264,52
267,53
270,54
273,55
286,56
289,57
292,58
295,59
298,60
311,61
314,62
317,63
320,64
323,65
336,66
339,67
342,68
345,69
348,70
361,71
364,72
367,73
370,74
373,75
386,76
389,77
392,78
395,79
398,80
411,81
414,82
417,83
420,84
423,85
436,86
439,87
442,88
445,89
448,90
461,91
464,92
467,93
470,94
473,95
486,96
489,97
492,98
495,99
498,100
511,101
514,102
517,103
520,104
523,105
536,106
539,107
542,108
545,109
548,110
561,111
564,112
567,113
570,114
573,115
586,116
589,117
592,118
595,119
598,120
611,121
614,122
617,123
620,124
623,125
636,126
639,127
642,128
645,129
648,130
661,131
664,132
667,133
670,134
673,135
686,136
689,137
692,138
695,139
698,140
711,141
714,142
717,143
720,144
723,145
736,146
739,147
742,148
745,149
748,150
761,151
764,152
767,153
770,154
773,155
786,156
789,157
792,158
795,159
798,160
811,161
814,162
817,163
820,164
823,165
836,166
839,167
842,168
845,169
848,170
861,171
864,172
867,173
870,174
873,175
886,176
889,177
892,178
895,179
898,180
911,181
914,182
917,183
920,184
923,185
936,186
939,187
942,188
945,189
948,190
961,191
964,192
967,193
970,194
973,195
986,196
989,197
992,198
995,199
998,200
1011,201
1014,202
1017,203
1020,204
1023,205
1036,206
1039,207
1042,208
1045,209
1048,210
1061,211
1064,212
1067,213
1070,214
1073,215
1086,216
1089,217
1092,218
1095,219
1098,220
1111,221
1114,222
1117,223
1120,224
1123,225
1136,226
1139,227
1142,228
1145,229
1148,230
1161,231
1164,232
1167,233
1170,234
1173,235
1186,236
1189,237
1192,238
1195,239
1198,240
1211,241
1214,242
1217,243
1220,244
1223,245
1236,246
1239,247
1242,248
1245,249
1248,250
1261,251
1264,252
1267,253
1270,254
1273,255
1286,256
1289,257
1292,258
1295,259
1298,260
1311,261
1314,262
1317,263
1320,264
1323,265
1336,266
1339,267
1342,268
1345,269
1348,270
1361,271
1364,272
1367,273
1370,274
1373,275
1386,276
1389,277
1392,278
1395,279
1398,280
1411,281
1414,282
1417,283
1420,284
1423,285
1436,286
1439,287
1442,288
1445,289
1448,290
1461,291
1464,292
1467,293
1470,294
1473,295
1486,296
1489,297
1492,298
1495,299
1498,300
1511,301
1514,302
1517,303
1520,304
1523,305
1536,306
1539,307
1542,308
1545,309
1548,310
1561,311
1564,312
1567,313
1570,314
1573,315
1586,316
1589,317
1592,318
1595,319
1598,320
1611,321
1614,322
1617,323
1620,324
1623,325
1636,326
1639,327
1642,328
1645,329
1648,330
1661,331
1664,332
1667,333
1670,334
1673,335
1686,336
1689,337
1692,338
1695,339
1698,340
1711,341
1714,342
1717,343
1720,344
1723,345
1736,346
1739,347
1742,348
1745,349
1748,350
1761,351
1764,352
1767,353
1770,354
1773,355
1786,356
1789,357
1792,358
1795,359
1798,360
1811,361
1814,362
1817,363
1820,364
1823,365
1836,366
1839,367
1842,368
1845,369
1848,370
1861,371
1864,372
1867,373
1870,374
1873,375
1886,376
1889,377
1892,378
1895,379
1898,380
1911,381
1914,382
1917,383
1920,384
1923,385
1936,386
1939,387
1942,388
1945,389
1948,390
1961,391
1964,392
1967,393
1970,394
1973,395
1986,396
1989,397
1992,398
1995,399
1998,400
2011,401
2014,402
2017,403
2020,404
2023,405
2036,406
2039,407
2042,408
2045,409
2048,410
2061,411
2064,412
2067,413
2070,414
2073,415
2086,416
2089,417
2092,418
2095,419
2098,420
2111,421
2114,422
2117,423
2120,424
2123,425
2136,426
2139,427
2142,428
2145,429
2148,430
2161,431
2164,432
2167,433
2170,434
2173,435
2186,436
2189,437
2192,438
2195,439
2198,440
2211,441
2214,442
2217,443
2220,444
2223,445
2236,446
2239,447
2242,448
2245,449
2248,450
2261,451
2264,452
2267,453
2270,454
2273,455
2286,456
2289,457
2292,458
2295,459
2298,460
2311,461
2314,462
2317,463
2320,464
2323,465
2336,466
2339,467
2342,468
2345,469
2348,470
2361,471
2364,472
2367,473
2370,474
2373,475
2386,476
2389,477
2392,478
2395,479
2398,480
2411,481
2414,482
2417,483
2420,484
2423,485
2436,486
2439,487
2442,488
2445,489
2448,490
2461,491
2464,492
2467,493
2470,494
2473,495
2486,496
2489,497
2492,498
2495,499
2498,500
12,1
15,2
18,3
21,4
24,5
37,6
40,7
43,8
46,9
49,10
62,11
65,12
68,13
71,14
74,15
87,16
90,17
93,18
96,19
99,20
112,21
115,22
118,23
121,24
124,25
137,26
140,27
143,28
146,29
149,30
162,31
165,32
168,33
171,34
174,35
187,36
190,37
193,38
196,39
199,40
212,41
215,42
218,43
221,44
224,45
237,46
240,47
243,48
246,49
249,50
262,51
265,52
268,53
271,54
274,55
287,56
290,57
293,58
296,59
299,60
312,61
315,62
318,63
321,64
324,65
337,66
340,67
343,68
346,69
349,70
362,71
365,72
368,73
371,74
374,75
387,76
390,77
393,78
396,79
399,80
412,81
415,82
418,83
421,84
424,85
437,86
440,87
443,88
446,89
449,90
462,91
465,92
468,93
471,94
474,95
487,96
490,97
493,98
496,99
499,100
512,101
515,102
518,103
521,104
524,105
537,106
540,107
543,108
546,109
549,110
562,111
565,112
568,113
571,114
574,115
587,116
590,117
593,118
596,119
599,120
612,121
615,122
618,123
621,124
624,125
637,126
640,127
643,128
646,129
649,130
662,131
665,132
668,133
671,134
674,135
687,136
690,137
693,138
696,139
699,140
712,141
715,142
718,143
721,144
724,145
737,146
740,147
743,148
746,149
749,150
762,151
765,152
768,153
771,154
774,155
787,156
790,157
793,158
796,159
799,160
812,161
815,162
818,163
821,164
824,165
837,166
840,167
843,168
846,169
849,170
862,171
865,172
868,173
871,174
874,175
887,176
890,177
893,178
896,179
899,180
912,181
915,182
918,183
921,184
924,185
937,186
940,187
943,188
946,189
949,190
962,191
965,192
968,193
971,194
974,195
987,196
990,197
993,198
996,199
999,200
1012,201
1015,202
1018,203
1021,204
1024,205
1037,206
1040,207
1043,208
1046,209
1049,210
1062,211
1065,212
1068,213
1071,214
1074,215
1087,216
1090,217
1093,218
1096,219
1099,220
1112,221
1115,222
1118,223
1121,224
1124,225
1137,226
1140,227
1143,228
1146,229
1149,230
1162,231
1165,232
1168,233
1171,234
1174,235
1187,236
1190,237
1193,238
1196,239
1199,240
1212,241
1215,242
1218,243
1221,244
1224,245
1237,246
1240,247
1243,248
1246,249
1249,250
1262,251
1265,252
1268,253
1271,254
1274,255
1287,256
1290,257
1293,258
1296,259
1299,260
1312,261
1315,262
1318,263
1321,264
1324,265
1337,266
1340,267
1343,268
1346,269
1349,270
1362,271
1365,272
1368,273
1371,274
1374,275
1387,276
1390,277
1393,278
1396,279
1399,280
1412,281
1415,282
1418,283
1421,284
1424,285
1437,286
1440,287
1443,288
1446,289
1449,290
1462,291
1465,292
1468,293
1471,294
1474,295
1487,296
1490,297
1493,298
1496,299
1499,300
1512,301
1515,302
1518,303
1521,304
1524,305
1537,306
1540,307
1543,308
1546,309
1549,310
1562,311
1565,312
1568,313
1571,314
1574,315
1587,316
1590,317
1593,318
1596,319
1599,320
1612,321
1615,322
1618,323
1621,324
1624,325
1637,326
1640,327
1643,328
1646,329
1649,330
1662,331
1665,332
1668,333
1671,334
1674,335
1687,336
1690,337
1693,338
1696,339
1699,340
1712,341
1715,342
1718,343
1721,344
1724,345
1737,346
1740,347
1743,348
1746,349
1749,350
1762,351
1765,352
1768,353
1771,354
1774,355
1787,356
1790,357
1793,358
1796,359
1799,360
1812,361
1815,362
1818,363
1821,364
1824,365
1837,366
1840,367
1843,368
1846,369
1849,370
1862,371
1865,372
1868,373
1871,374
1874,375
1887,376
1890,377
1893,378
1896,379
1899,380
1912,381
1915,382
1918,383
1921,384
1924,385
1937,386
1940,387
1943,388
1946,389
1949,390
1962,391
1965,392
1968,393
1971,394
1974,395
1987,396
1990,397
1993,398
1996,399
1999,400
2012,401
2015,402
2018,403
2021,404
2024,405
2037,406
2040,407
2043,408
2046,409
2049,410
2062,411
2065,412
2068,413
2071,414
2074,415
2087,416
2090,417
2093,418
2096,419
2099,420
2112,421
2115,422
2118,423
2121,424
2124,425
2137,426
2140,427
2143,428
2146,429
2149,430
2162,431
2165,432
2168,433
2171,434
2174,435
2187,436
2190,437
2193,438
2196,439
2199,440
2212,441
2215,442
2218,443
2221,444
2224,445
2237,446
2240,447
2243,448
2246,449
2249,450
2262,451
2265,452
2268,453
2271,454
2274,455
2287,456
2290,457
2293,458
2296,459
2299,460
2312,461
2315,462
2318,463
2321,464
2324,465
2337,466
2340,467
2343,468
2346,469
2349,470
2362,471
2365,472
2368,473
2371,474
2374,475
2387,476
2390,477
2393,478
2396,479
2399,480
2412,481
2415,482
2418,483
2421,484
2424,485
2437,486
2440,487
2443,488
2446,489
2449,490
2462,491
2465,492
2468,493
2471,494
2474,495
2487,496
2490,497
2493,498
2496,499
2499,500
13,1
16,2
19,3
22,4
25,5
38,6
41,7
44,8
47,9
50,10
63,11
66,12
69,13
72,14
75,15
88,16
91,17
94,18
97,19
100,20
113,21
116,22
119,23
122,24
125,25
138,26
141,27
144,28
147,29
150,30
163,31
166,32
169,33
172,34
175,35
188,36
191,37
194,38
197,39
200,40
213,41
216,42
219,43
222,44
225,45
238,46
241,47
244,48
247,49
250,50
263,51
266,52
269,53
272,54
275,55
288,56
291,57
294,58
297,59
300,60
313,61
316,62
319,63
322,64
325,65
338,66
341,67
344,68
347,69
350,70
363,71
366,72
369,73
372,74
375,75
388,76
391,77
394,78
397,79
400,80
413,81
416,82
419,83
422,84
425,85
438,86
441,87
444,88
447,89
450,90
463,91
466,92
469,93
472,94
475,95
488,96
491,97
494,98
497,99
500,100
513,101
516,102
519,103
522,104
525,105
538,106
541,107
544,108
547,109
550,110
563,111
566,112
569,113
572,114
575,115
588,116
591,117
594,118
597,119
600,120
613,121
616,122
619,123
622,124
625,125
638,126
641,127
644,128
647,129
650,130
663,131
666,132
669,133
672,134
675,135
688,136
691,137
694,138
697,139
700,140
713,141
716,142
719,143
722,144
725,145
738,146
741,147
744,148
747,149
750,150
763,151
766,152
769,153
772,154
775,155
788,156
791,157
794,158
797,159
800,160
813,161
816,162
819,163
822,164
825,165
838,166
841,167
844,168
847,169
850,170
863,171
866,172
869,173
872,174
875,175
888,176
891,177
894,178
897,179
900,180
913,181
916,182
919,183
922,184
925,185
938,186
941,187
944,188
947,189
950,190
963,191
966,192
969,193
972,194
975,195
988,196
991,197
994,198
997,199
1000,200
1013,201
1016,202
1019,203
1022,204
1025,205
1038,206
1041,207
1044,208
1047,209
1050,210
1063,211
1066,212
1069,213
1072,214
1075,215
1088,216
1091,217
1094,218
1097,219
1100,220
1113,221
1116,222
1119,223
1122,224
1125,225
1138,226
1141,227
1144,228
1147,229
1150,230
1163,231
1166,232
1169,233
1172,234
1175,235
1188,236
1191,237
1194,238
1197,239
1200,240
1213,241
1216,242
1219,243
1222,244
1225,245
1238,246
1241,247
1244,248
1247,249
1250,250
1263,251
1266,252
1269,253
1272,254
1275,255
1288,256
1291,257
1294,258
1297,259
1300,260
1313,261
1316,262
1319,263
1322,264
1325,265
1338,266
1341,267
1344,268
1347,269
1350,270
1363,271
1366,272
1369,273
1372,274
1375,275
1388,276
1391,277
1394,278
1397,279
1400,280
1413,281
1416,282
1419,283
1422,284
1425,285
1438,286
1441,287
1444,288
1447,289
1450,290
1463,291
1466,292
1469,293
1472,294
1475,295
1488,296
1491,297
1494,298
1497,299
1500,300
1513,301
1516,302
1519,303
1522,304
1525,305
1538,306
1541,307
1544,308
1547,309
1550,310
1563,311
1566,312
1569,313
1572,314
1575,315
1588,316
1591,317
1594,318
1597,319
1600,320
1613,321
1616,322
1619,323
1622,324
1625,325
1638,326
1641,327
1644,328
1647,329
1650,330
1663,331
1666,332
1669,333
1672,334
1675,335
1688,336
1691,337
1694,338
1697,339
1700,340
1713,341
1716,342
1719,343
1722,344
1725,345
1738,346
1741,347
1744,348
1747,349
1750,350
1763,351
1766,352
1769,353
1772,354
1775,355
1788,356
1791,357
1794,358
1797,359
1800,360
1813,361
1816,362
1819,363
1822,364
1825,365
1838,366
1841,367
1844,368
1847,369
1850,370
1863,371
1866,372
1869,373
1872,374
1875,375
1888,376
1891,377
1894,378
1897,379
1900,380
1913,381
1916,382
1919,383
1922,384
1925,385
1938,386
1941,387
1944,388
1947,389
1950,390
1963,391
1966,392
1969,393
1972,394
1975,395
1988,396
1991,397
1994,398
1997,399
2000,400
2013,401
2016,402
2019,403
2022,404
2025,405
2038,406
2041,407
2044,408
2047,409
2050,410
2063,411
2066,412
2069,413
2072,414
2075,415
2088,416
2091,417
2094,418
2097,419
2100,420
2113,421
2116,422
2119,423
2122,424
2125,425
2138,426
2141,427
2144,428
2147,429
2150,430
2163,431
2166,432
2169,433
2172,434
2175,435
2188,436
2191,437
2194,438
2197,439
2200,440
2213,441
2216,442
2219,443
2222,444
2225,445
2238,446
2241,447
2244,448
2247,449
2250,450
2263,451
2266,452
2269,453
2272,454
2275,455
2288,456
2291,457
2294,458
2297,459
2300,460
2313,461
2316,462
2319,463
2322,464
2325,465
2338,466
2341,467
2344,468
2347,469
2350,470
2363,471
2366,472
2369,473
2372,474
2375,475
2388,476
2391,477
2394,478
2397,479
2400,480
2413,481
2416,482
2419,483
2422,484
2425,485
2438,486
2441,487
2444,488
2447,489
2450,490
2463,491
2466,492
2469,493
2472,494
2475,495
2488,496
2491,497
2494,498
2497,499
2500,500